ISS (ZARYA)             
1 25544U 98067A   14344.49710769  .00019456  00000-0  32387-3 0  5390
2 25544  51.6484 305.3360 0007868 117.0300 346.8902 15.52009929918687
TIANGONG 1              
1 37820U 11053A   14344.47796269  .00041886  00000-0  43349-3 0  6491
2 37820  42.7712 328.6642 0017259 277.8842 222.5918 15.63802192183736
CHASQUI-1               
1 40117U 98067ET  14344.33460493  .00250514  00000-0  15623-2 0  3474
2 40117  51.6415 298.9355 0010291  87.5357  36.2017 15.75550681 17725
FLOCK 1B-24             
1 40122U 98067EU  14344.43987623  .00091103  00000-0  87850-3 0  3211
2 40122  51.6402 300.4638 0006330 100.2836 346.6493 15.65716460 53290
FLOCK 1B-23             
1 40123U 98067EV  14344.33427425  .00122667  00000-0  11773-2 0  3300
2 40123  51.6418 301.1354 0006745  95.1115  58.3008 15.65696855 53275
FLOCK 1B-26             
1 40124U 98067EW  14344.35272907  .01455952  11945-2  27380-2 0  3317
2 40124  51.6356 296.2754 0009018 122.2782 237.9325 16.00414531 71370
FLOCK 1B-25             
1 40125U 98067EX  14344.44858919  .00105551  00000-0  85251-3 0  3283
2 40125  51.6389 299.7663 0005841  95.6377 354.3429 15.70006076 53339
FLOCK 1B-15             
1 40126U 98067EY  14344.34997736  .00232404  00000-0  17206-2 0  3354
2 40126  51.6350 299.7554 0009007  94.2922  37.6929 15.71622397 53344
FLOCK 1B-16             
1 40127U 98067EZ  14344.42508003  .02642781  82410-2  35623-2 0  3152
2 40127  51.6370 295.9968 0009358 139.8603 220.2879 16.07724655 53406
FLOCK 1B-1              
1 40131U 98067FA  14344.42791848  .00326588  00000-0  21230-2 0  2577
2 40131  51.6413 299.6358 0010123 111.3734 334.4136 15.74379906 17250
FLOCK 1B-2              
1 40132U 98067FB  14343.95396512  .00149320  00000-0  13126-2 0  2475
2 40132  51.6367 302.4283 0006712  88.3545  16.7483 15.67772314 17146
FLOCK 1B-8              
1 40133U 98067FC  14344.46160598  .00105093  00000-0  92911-3 0  2611
2 40133  51.6409 299.8583 0009875  83.4281   6.8396 15.67770381 53529
FLOCK 1B-7              
1 40134U 98067FD  14344.35625957  .00098565  00000-0  86466-3 0  2416
2 40134  51.6413 300.5740 0008880  89.8723  42.0901 15.68000459 53501
FLOCK 1B-18             
1 40139U 98067FE  14344.50170321  .00255249  00000-0  20072-2 0  2669
2 40139  51.6397 300.1015 0009654  84.2303  15.8080 15.70104579 14998
FLOCK 1B-17             
1 40140U 98067FF  14344.44757184  .00086364  00000-0  86333-3 0  2755
2 40140  51.6406 301.2763 0010445  81.3679   6.9520 15.64793502 14978
SOYUZ-TMA 15M           
1 40312U 14074A   14334.58703720  .00018277  00000-0  30871-3 0    69
2 40312  51.6481 354.5641 0007404  83.5665  60.4119 15.51651628  1049
SPINSAT                 
1 40314U 98067FL  14343.51165852  .00021439  00000-0  35403-3 0   178
2 40314  51.6486 310.2207 0007963 110.5562 249.6283 15.52165732 53137
